Score: -1.8344370860927153
Params: (0.22631578947368422, 2)
Score: -0.019867549668874173
Params: (0.37368421052631584, 2)
