Score: -6.02088285229202
Params: (0.12105263157894737, 7)
Used Outliers: False
