Score: -30.458647957988372
Params: (0.1, 9)
Used Outliers: False
Score: -30.458647957988372
Params: (0.1, 9)
Used Outliers: False
